0.31 ; 0.14 ; 1.83 ; 0.08 ; 0.05 ; 0.03 ; 0.07 ; 0.04 ; 0.04 ; 72.50 % ; 30.20 Celsius
0.31 ; 0.14 ; 1.83 ; 0.08 ; 0.05 ; 0.03 ; 0.07 ; 0.04 ; 0.04 ; 72.50 % ; 30.20 Celsius
0.31 ; 0.14 ; 1.84 ; 0.08 ; 0.05 ; 0.04 ; 0.07 ; 0.04 ; 0.04 ; 72.50 % ; 30.20 Celsius
0.31 ; 0.14 ; 1.84 ; 0.08 ; 0.05 ; 0.03 ; 0.07 ; 0.04 ; 0.04 ; 72.50 % ; 30.20 Celsius
0.31 ; 0.14 ; 1.84 ; 0.08 ; 0.05 ; 0.04 ; 0.07 ; 0.04 ; 0.04 ; 72.50 % ; 30.20 Celsius
0.31 ; 0.14 ; 1.84 ; 0.08 ; 0.05 ; 0.03 ; 0.07 ; 0.04 ; 0.04 ; 72.50 % ; 30.20 Celsius
0.31 ; 0.14 ; 1.84 ; 0.08 ; 0.05 ; 0.03 ; 0.07 ; 0.04 ; 0.04 ; 72.40 % ; 30.20 Celsius
0.31 ; 0.14 ; 1.84 ; 0.08 ; 0.05 ; 0.03 ; 0.07 ; 0.04 ; 0.04 ; 72.50 % ; 30.20 Celsius
0.31 ; 0.14 ; 1.84 ; 0.08 ; 0.05 ; 0.03 ; 0.07 ; 0.04 ; 0.04 ; 72.50 % ; 30.20 Celsius
0.31 ; 0.14 ; 1.84 ; 0.08 ; 0.05 ; 0.03 ; 0.07 ; 0.04 ; 0.04 ; 72.50 % ; 30.20 Celsius
0.31 ; 0.14 ; 1.84 ; 0.08 ; 0.05 ; 0.04 ; 0.07 ; 0.05 ; 0.04 ; 72.50 % ; 30.20 Celsius
0.31 ; 0.14 ; 1.83 ; 0.08 ; 0.05 ; 0.03 ; 0.07 ; 0.04 ; 0.04 ; 72.50 % ; 30.20 Celsius
0.31 ; 0.14 ; 1.85 ; 0.08 ; 0.05 ; 0.03 ; 0.07 ; 0.04 ; 0.04 ; 72.50 % ; 30.20 Celsius
0.31 ; 0.14 ; 1.84 ; 0.08 ; 0.05 ; 0.03 ; 0.07 ; 0.04 ; 0.04 ; 72.50 % ; 30.20 Celsius
0.31 ; 0.14 ; 1.83 ; 0.08 ; 0.05 ; 0.03 ; 0.07 ; 0.04 ; 0.04 ; 72.50 % ; 30.20 Celsius
0.31 ; 0.14 ; 1.84 ; 0.08 ; 0.05 ; 0.03 ; 0.07 ; 0.04 ; 0.04 ; 72.50 % ; 30.20 Celsius
0.31 ; 0.14 ; 1.83 ; 0.08 ; 0.05 ; 0.04 ; 0.07 ; 0.04 ; 0.04 ; 72.50 % ; 30.20 Celsius
0.31 ; 0.14 ; 1.83 ; 0.08 ; 0.05 ; 0.03 ; 0.07 ; 0.04 ; 0.04 ; 72.50 % ; 30.20 Celsius
0.31 ; 0.14 ; 1.83 ; 0.08 ; 0.05 ; 0.03 ; 0.07 ; 0.04 ; 0.04 ; 72.50 % ; 30.20 Celsius
0.31 ; 0.14 ; 1.82 ; 0.08 ; 0.05 ; 0.03 ; 0.07 ; 0.04 ; 0.04 ; 72.50 % ; 30.20 Celsius
0.31 ; 0.14 ; 1.84 ; 0.08 ; 0.05 ; 0.03 ; 0.07 ; 0.04 ; 0.04 ; 72.50 % ; 30.20 Celsius
0.31 ; 0.14 ; 1.83 ; 0.08 ; 0.05 ; 0.04 ; 0.07 ; 0.04 ; 0.03 ; 72.50 % ; 30.20 Celsius
0.31 ; 0.14 ; 1.83 ; 0.08 ; 0.05 ; 0.03 ; 0.07 ; 0.04 ; 0.04 ; 72.50 % ; 30.20 Celsius
0.31 ; 0.14 ; 1.83 ; 0.08 ; 0.05 ; 0.04 ; 0.07 ; 0.04 ; 0.04 ; 72.50 % ; 30.20 Celsius
0.31 ; 0.14 ; 1.83 ; 0.08 ; 0.05 ; 0.04 ; 0.07 ; 0.04 ; 0.04 ; 72.60 % ; 30.20 Celsius
0.32 ; 0.14 ; 1.83 ; 0.08 ; 0.05 ; 0.03 ; 0.07 ; 0.04 ; 0.04 ; 72.50 % ; 30.20 Celsius
0.31 ; 0.14 ; 1.84 ; 0.08 ; 0.04 ; 0.03 ; 0.07 ; 0.04 ; 0.04 ; 72.60 % ; 30.20 Celsius
0.31 ; 0.14 ; 1.85 ; 0.09 ; 0.05 ; 0.03 ; 0.07 ; 0.04 ; 0.04 ; 72.60 % ; 30.20 Celsius
0.31 ; 0.14 ; 1.84 ; 0.08 ; 0.05 ; 0.04 ; 0.07 ; 0.04 ; 0.04 ; 72.60 % ; 30.20 Celsius
0.31 ; 0.14 ; 1.84 ; 0.08 ; 0.05 ; 0.03 ; 0.07 ; 0.05 ; 0.04 ; 72.60 % ; 30.20 Celsius
0.31 ; 0.14 ; 1.83 ; 0.08 ; 0.05 ; 0.04 ; 0.07 ; 0.04 ; 0.04 ; 72.60 % ; 30.20 Celsius
0.31 ; 0.14 ; 1.83 ; 0.09 ; 0.05 ; 0.04 ; 0.07 ; 0.04 ; 0.04 ; 72.60 % ; 30.20 Celsius
0.31 ; 0.14 ; 1.84 ; 0.08 ; 0.04 ; 0.04 ; 0.07 ; 0.04 ; 0.04 ; 72.60 % ; 30.20 Celsius
0.31 ; 0.14 ; 1.84 ; 0.08 ; 0.05 ; 0.03 ; 0.07 ; 0.04 ; 0.04 ; 72.50 % ; 30.10 Celsius
0.32 ; 0.14 ; 1.84 ; 0.08 ; 0.05 ; 0.03 ; 0.07 ; 0.04 ; 0.04 ; 72.60 % ; 30.20 Celsius
0.31 ; 0.14 ; 1.84 ; 0.08 ; 0.05 ; 0.04 ; 0.07 ; 0.04 ; 0.04 ; 72.60 % ; 30.20 Celsius
0.31 ; 0.14 ; 1.83 ; 0.08 ; 0.05 ; 0.03 ; 0.07 ; 0.04 ; 0.04 ; 72.60 % ; 30.20 Celsius
0.31 ; 0.14 ; 1.83 ; 0.08 ; 0.05 ; 0.03 ; 0.07 ; 0.04 ; 0.04 ; 72.60 % ; 30.20 Celsius
0.31 ; 0.14 ; 1.84 ; 0.08 ; 0.05 ; 0.04 ; 0.07 ; 0.04 ; 0.04 ; 72.60 % ; 30.20 Celsius
0.31 ; 0.14 ; 1.84 ; 0.08 ; 0.04 ; 0.04 ; 0.07 ; 0.04 ; 0.04 ; 72.60 % ; 30.20 Celsius
0.31 ; 0.14 ; 1.83 ; 0.08 ; 0.04 ; 0.03 ; 0.07 ; 0.04 ; 0.04 ; 72.60 % ; 30.20 Celsius
0.31 ; 0.14 ; 1.84 ; 0.08 ; 0.05 ; 0.03 ; 0.07 ; 0.04 ; 0.04 ; 72.60 % ; 30.20 Celsius
0.31 ; 0.14 ; 1.84 ; 0.08 ; 0.05 ; 0.04 ; 0.07 ; 0.04 ; 0.04 ; 72.60 % ; 30.20 Celsius
0.31 ; 0.14 ; 1.84 ; 0.08 ; 0.05 ; 0.04 ; 0.07 ; 0.05 ; 0.04 ; 72.60 % ; 30.20 Celsius
0.31 ; 0.14 ; 1.84 ; 0.08 ; 0.05 ; 0.04 ; 0.07 ; 0.04 ; 0.04 ; 72.60 % ; 30.20 Celsius
0.32 ; 0.14 ; 1.85 ; 0.08 ; 0.05 ; 0.03 ; 0.07 ; 0.04 ; 0.04 ; 72.60 % ; 30.20 Celsius
0.31 ; 0.14 ; 1.84 ; 0.08 ; 0.04 ; 0.04 ; 0.07 ; 0.04 ; 0.04 ; 72.60 % ; 30.20 Celsius
0.31 ; 0.14 ; 1.84 ; 0.08 ; 0.05 ; 0.03 ; 0.07 ; 0.04 ; 0.04 ; 72.60 % ; 30.20 Celsius
0.32 ; 0.14 ; 1.84 ; 0.08 ; 0.05 ; 0.03 ; 0.07 ; 0.04 ; 0.04 ; 72.60 % ; 30.20 Celsius
0.31 ; 0.14 ; 1.84 ; 0.08 ; 0.05 ; 0.03 ; 0.07 ; 0.04 ; 0.04 ; 72.60 % ; 30.20 Celsius
0.31 ; 0.14 ; 1.83 ; 0.08 ; 0.05 ; 0.04 ; 0.07 ; 0.04 ; 0.04 ; 72.60 % ; 30.20 Celsius
0.32 ; 0.14 ; 1.84 ; 0.08 ; 0.05 ; 0.03 ; 0.07 ; 0.04 ; 0.04 ; 72.60 % ; 30.20 Celsius
0.31 ; 0.14 ; 1.84 ; 0.08 ; 0.04 ; 0.03 ; 0.07 ; 0.04 ; 0.04 ; 72.60 % ; 30.20 Celsius
0.32 ; 0.13 ; 1.84 ; 0.08 ; 0.05 ; 0.03 ; 0.07 ; 0.04 ; 0.04 ; 72.60 % ; 30.20 Celsius
0.31 ; 0.14 ; 1.84 ; 0.08 ; 0.05 ; 0.04 ; 0.07 ; 0.04 ; 0.04 ; 72.60 % ; 30.20 Celsius
0.31 ; 0.14 ; 1.83 ; 0.08 ; 0.05 ; 0.03 ; 0.07 ; 0.04 ; 0.04 ; 72.70 % ; 30.20 Celsius
0.31 ; 0.14 ; 1.84 ; 0.08 ; 0.04 ; 0.03 ; 0.07 ; 0.04 ; 0.04 ; 72.70 % ; 30.20 Celsius
0.31 ; 0.14 ; 1.83 ; 0.08 ; 0.05 ; 0.03 ; 0.07 ; 0.04 ; 0.04 ; 72.60 % ; 30.20 Celsius
0.31 ; 0.14 ; 1.83 ; 0.08 ; 0.05 ; 0.04 ; 0.07 ; 0.04 ; 0.04 ; 72.70 % ; 30.20 Celsius
0.32 ; 0.14 ; 1.84 ; 0.08 ; 0.05 ; 0.03 ; 0.07 ; 0.04 ; 0.04 ; 72.70 % ; 30.20 Celsius
0.31 ; 0.14 ; 1.84 ; 0.08 ; 0.05 ; 0.03 ; 0.07 ; 0.04 ; 0.04 ; 72.70 % ; 30.20 Celsius
0.31 ; 0.14 ; 1.84 ; 0.08 ; 0.05 ; 0.03 ; 0.07 ; 0.04 ; 0.04 ; 72.70 % ; 30.20 Celsius
0.31 ; 0.14 ; 1.84 ; 0.08 ; 0.04 ; 0.03 ; 0.07 ; 0.04 ; 0.04 ; 72.70 % ; 30.20 Celsius
0.31 ; 0.14 ; 1.84 ; 0.08 ; 0.05 ; 0.04 ; 0.07 ; 0.04 ; 0.04 ; 72.70 % ; 30.30 Celsius
0.31 ; 0.14 ; 1.83 ; 0.08 ; 0.05 ; 0.04 ; 0.07 ; 0.04 ; 0.04 ; 72.60 % ; 30.20 Celsius
0.32 ; 0.14 ; 1.84 ; 0.08 ; 0.05 ; 0.04 ; 0.07 ; 0.04 ; 0.04 ; 72.70 % ; 30.20 Celsius
0.31 ; 0.14 ; 1.84 ; 0.08 ; 0.04 ; 0.03 ; 0.07 ; 0.04 ; 0.04 ; 72.70 % ; 30.20 Celsius
0.31 ; 0.14 ; 1.84 ; 0.08 ; 0.05 ; 0.03 ; 0.07 ; 0.04 ; 0.04 ; 72.60 % ; 30.20 Celsius
0.31 ; 0.14 ; 1.83 ; 0.08 ; 0.05 ; 0.03 ; 0.07 ; 0.04 ; 0.04 ; 72.60 % ; 30.20 Celsius
0.31 ; 0.14 ; 1.84 ; 0.08 ; 0.05 ; 0.04 ; 0.06 ; 0.04 ; 0.04 ; 72.60 % ; 30.30 Celsius
0.31 ; 0.14 ; 1.83 ; 0.08 ; 0.05 ; 0.03 ; 0.07 ; 0.04 ; 0.04 ; 72.60 % ; 30.30 Celsius
0.31 ; 0.13 ; 1.83 ; 0.08 ; 0.05 ; 0.04 ; 0.07 ; 0.04 ; 0.04 ; 72.60 % ; 30.30 Celsius
0.32 ; 0.14 ; 1.84 ; 0.08 ; 0.05 ; 0.03 ; 0.07 ; 0.04 ; 0.04 ; 72.70 % ; 30.30 Celsius
0.31 ; 0.14 ; 1.83 ; 0.08 ; 0.05 ; 0.03 ; 0.07 ; 0.04 ; 0.04 ; 72.70 % ; 30.30 Celsius
0.31 ; 0.14 ; 1.83 ; 0.08 ; 0.04 ; 0.04 ; 0.07 ; 0.04 ; 0.04 ; 72.60 % ; 30.30 Celsius
