0.31 ; 0.13 ; 1.85 ; 0.08 ; 0.05 ; 0.04 ; 0.07 ; 0.04 ; 0.04 ; 71.90 % ; 30.50 Celsius
0.32 ; 0.13 ; 1.85 ; 0.08 ; 0.05 ; 0.03 ; 0.07 ; 0.04 ; 0.04 ; 71.90 % ; 30.50 Celsius
0.32 ; 0.14 ; 1.87 ; 0.08 ; 0.05 ; 0.04 ; 0.07 ; 0.04 ; 0.04 ; 71.90 % ; 30.50 Celsius
0.32 ; 0.14 ; 1.86 ; 0.08 ; 0.05 ; 0.04 ; 0.07 ; 0.04 ; 0.04 ; 71.90 % ; 30.50 Celsius
0.32 ; 0.13 ; 1.87 ; 0.08 ; 0.05 ; 0.03 ; 0.07 ; 0.04 ; 0.04 ; 71.80 % ; 30.50 Celsius
0.32 ; 0.14 ; 1.87 ; 0.08 ; 0.05 ; 0.03 ; 0.07 ; 0.04 ; 0.04 ; 71.80 % ; 30.50 Celsius
0.32 ; 0.13 ; 1.87 ; 0.08 ; 0.05 ; 0.03 ; 0.07 ; 0.04 ; 0.04 ; 71.80 % ; 30.40 Celsius
0.32 ; 0.13 ; 1.86 ; 0.08 ; 0.05 ; 0.03 ; 0.07 ; 0.04 ; 0.04 ; 71.80 % ; 30.50 Celsius
0.32 ; 0.14 ; 1.87 ; 0.08 ; 0.05 ; 0.03 ; 0.07 ; 0.04 ; 0.04 ; 71.90 % ; 30.50 Celsius
0.32 ; 0.13 ; 1.86 ; 0.08 ; 0.05 ; 0.03 ; 0.07 ; 0.04 ; 0.04 ; 71.90 % ; 30.50 Celsius
0.32 ; 0.14 ; 1.87 ; 0.08 ; 0.05 ; 0.03 ; 0.07 ; 0.04 ; 0.04 ; 71.90 % ; 30.50 Celsius
0.32 ; 0.13 ; 1.86 ; 0.08 ; 0.05 ; 0.04 ; 0.07 ; 0.04 ; 0.04 ; 71.90 % ; 30.50 Celsius
0.32 ; 0.14 ; 1.87 ; 0.08 ; 0.05 ; 0.03 ; 0.07 ; 0.04 ; 0.04 ; 71.90 % ; 30.50 Celsius
0.32 ; 0.13 ; 1.86 ; 0.08 ; 0.04 ; 0.04 ; 0.07 ; 0.04 ; 0.04 ; 71.90 % ; 30.50 Celsius
0.32 ; 0.13 ; 1.87 ; 0.08 ; 0.05 ; 0.04 ; 0.07 ; 0.04 ; 0.04 ; 71.90 % ; 30.50 Celsius
0.32 ; 0.13 ; 1.87 ; 0.08 ; 0.05 ; 0.04 ; 0.07 ; 0.04 ; 0.04 ; 71.80 % ; 30.50 Celsius
0.32 ; 0.13 ; 1.86 ; 0.08 ; 0.04 ; 0.04 ; 0.07 ; 0.04 ; 0.04 ; 71.90 % ; 30.50 Celsius
0.32 ; 0.14 ; 1.84 ; 0.08 ; 0.05 ; 0.03 ; 0.07 ; 0.04 ; 0.04 ; 71.90 % ; 30.50 Celsius
0.32 ; 0.14 ; 1.87 ; 0.08 ; 0.05 ; 0.04 ; 0.07 ; 0.04 ; 0.04 ; 71.90 % ; 30.50 Celsius
0.32 ; 0.14 ; 1.86 ; 0.08 ; 0.05 ; 0.04 ; 0.07 ; 0.04 ; 0.04 ; 71.90 % ; 30.50 Celsius
0.32 ; 0.14 ; 1.87 ; 0.08 ; 0.05 ; 0.03 ; 0.07 ; 0.04 ; 0.04 ; 72.00 % ; 30.50 Celsius
0.32 ; 0.13 ; 1.86 ; 0.08 ; 0.05 ; 0.03 ; 0.07 ; 0.04 ; 0.04 ; 71.90 % ; 30.50 Celsius
0.32 ; 0.14 ; 1.86 ; 0.08 ; 0.05 ; 0.03 ; 0.07 ; 0.04 ; 0.04 ; 71.90 % ; 30.50 Celsius
0.32 ; 0.14 ; 1.87 ; 0.08 ; 0.05 ; 0.03 ; 0.07 ; 0.04 ; 0.04 ; 71.90 % ; 30.50 Celsius
0.32 ; 0.14 ; 1.87 ; 0.08 ; 0.05 ; 0.04 ; 0.07 ; 0.04 ; 0.04 ; 71.90 % ; 30.50 Celsius
0.32 ; 0.14 ; 1.86 ; 0.08 ; 0.04 ; 0.04 ; 0.07 ; 0.04 ; 0.04 ; 71.90 % ; 30.50 Celsius
0.32 ; 0.15 ; 1.87 ; 0.08 ; 0.05 ; 0.03 ; 0.07 ; 0.04 ; 0.04 ; 71.90 % ; 30.50 Celsius
0.32 ; 0.14 ; 1.87 ; 0.08 ; 0.05 ; 0.04 ; 0.07 ; 0.04 ; 0.04 ; 71.90 % ; 30.50 Celsius
0.32 ; 0.14 ; 1.87 ; 0.08 ; 0.04 ; 0.03 ; 0.07 ; 0.04 ; 0.04 ; 71.90 % ; 30.50 Celsius
0.32 ; 0.14 ; 1.86 ; 0.08 ; 0.05 ; 0.03 ; 0.07 ; 0.04 ; 0.04 ; 71.90 % ; 30.50 Celsius
0.32 ; 0.14 ; 1.87 ; 0.08 ; 0.05 ; 0.04 ; 0.07 ; 0.04 ; 0.04 ; 71.90 % ; 30.50 Celsius
0.32 ; 0.14 ; 1.87 ; 0.08 ; 0.05 ; 0.04 ; 0.07 ; 0.04 ; 0.04 ; 71.90 % ; 30.50 Celsius
0.32 ; 0.14 ; 1.86 ; 0.08 ; 0.05 ; 0.04 ; 0.07 ; 0.04 ; 0.04 ; 71.90 % ; 30.50 Celsius
0.32 ; 0.14 ; 1.87 ; 0.07 ; 0.05 ; 0.04 ; 0.07 ; 0.04 ; 0.04 ; 71.90 % ; 30.50 Celsius
0.32 ; 0.14 ; 1.86 ; 0.08 ; 0.05 ; 0.03 ; 0.07 ; 0.04 ; 0.04 ; 71.90 % ; 30.50 Celsius
0.32 ; 0.14 ; 1.87 ; 0.08 ; 0.05 ; 0.03 ; 0.07 ; 0.04 ; 0.04 ; 72.00 % ; 30.50 Celsius
0.32 ; 0.15 ; 1.87 ; 0.08 ; 0.05 ; 0.04 ; 0.07 ; 0.04 ; 0.04 ; 72.00 % ; 30.50 Celsius
0.32 ; 0.14 ; 1.87 ; 0.08 ; 0.05 ; 0.04 ; 0.07 ; 0.04 ; 0.04 ; 72.00 % ; 30.50 Celsius
0.32 ; 0.14 ; 1.87 ; 0.08 ; 0.05 ; 0.04 ; 0.07 ; 0.04 ; 0.04 ; 72.00 % ; 30.50 Celsius
0.32 ; 0.14 ; 1.87 ; 0.08 ; 0.04 ; 0.04 ; 0.07 ; 0.04 ; 0.04 ; 72.00 % ; 30.50 Celsius
0.32 ; 0.14 ; 1.87 ; 0.08 ; 0.04 ; 0.04 ; 0.07 ; 0.04 ; 0.04 ; 72.00 % ; 30.50 Celsius
0.32 ; 0.14 ; 1.86 ; 0.08 ; 0.05 ; 0.04 ; 0.07 ; 0.04 ; 0.04 ; 72.00 % ; 30.50 Celsius
0.32 ; 0.14 ; 1.87 ; 0.08 ; 0.05 ; 0.04 ; 0.07 ; 0.04 ; 0.04 ; 72.00 % ; 30.50 Celsius
0.32 ; 0.14 ; 1.87 ; 0.08 ; 0.05 ; 0.03 ; 0.07 ; 0.04 ; 0.04 ; 72.00 % ; 30.50 Celsius
0.32 ; 0.14 ; 1.87 ; 0.08 ; 0.05 ; 0.03 ; 0.07 ; 0.04 ; 0.04 ; 72.00 % ; 30.50 Celsius
0.32 ; 0.14 ; 1.86 ; 0.08 ; 0.05 ; 0.03 ; 0.07 ; 0.04 ; 0.04 ; 72.00 % ; 30.50 Celsius
0.32 ; 0.14 ; 1.86 ; 0.08 ; 0.05 ; 0.04 ; 0.07 ; 0.04 ; 0.04 ; 72.00 % ; 30.50 Celsius
0.32 ; 0.16 ; 1.87 ; 0.08 ; 0.05 ; 0.03 ; 0.07 ; 0.04 ; 0.04 ; 72.00 % ; 30.50 Celsius
0.32 ; 0.14 ; 1.87 ; 0.08 ; 0.05 ; 0.03 ; 0.07 ; 0.04 ; 0.04 ; 72.00 % ; 30.50 Celsius
0.32 ; 0.15 ; 1.87 ; 0.08 ; 0.05 ; 0.04 ; 0.07 ; 0.04 ; 0.04 ; 72.00 % ; 30.50 Celsius
0.32 ; 0.14 ; 1.87 ; 0.08 ; 0.05 ; 0.03 ; 0.07 ; 0.04 ; 0.04 ; 72.00 % ; 30.50 Celsius
0.32 ; 0.14 ; 1.87 ; 0.08 ; 0.05 ; 0.03 ; 0.07 ; 0.04 ; 0.04 ; 72.00 % ; 30.50 Celsius
0.32 ; 0.14 ; 1.86 ; 0.08 ; 0.05 ; 0.04 ; 0.07 ; 0.04 ; 0.04 ; 72.00 % ; 30.50 Celsius
0.32 ; 0.14 ; 1.87 ; 0.08 ; 0.05 ; 0.03 ; 0.07 ; 0.04 ; 0.04 ; 72.00 % ; 30.50 Celsius
0.32 ; 0.14 ; 1.87 ; 0.08 ; 0.05 ; 0.03 ; 0.07 ; 0.05 ; 0.04 ; 72.00 % ; 30.60 Celsius
0.32 ; 0.14 ; 1.87 ; 0.08 ; 0.05 ; 0.04 ; 0.07 ; 0.04 ; 0.04 ; 72.00 % ; 30.50 Celsius
0.32 ; 0.14 ; 1.87 ; 0.08 ; 0.05 ; 0.04 ; 0.07 ; 0.04 ; 0.04 ; 72.00 % ; 30.50 Celsius
0.32 ; 0.14 ; 1.87 ; 0.08 ; 0.05 ; 0.04 ; 0.07 ; 0.04 ; 0.04 ; 72.00 % ; 30.50 Celsius
0.32 ; 0.14 ; 1.87 ; 0.08 ; 0.05 ; 0.04 ; 0.07 ; 0.04 ; 0.04 ; 72.00 % ; 30.50 Celsius
0.32 ; 0.14 ; 1.87 ; 0.08 ; 0.05 ; 0.03 ; 0.07 ; 0.04 ; 0.04 ; 72.00 % ; 30.50 Celsius
0.32 ; 0.13 ; 1.87 ; 0.08 ; 0.05 ; 0.03 ; 0.07 ; 0.04 ; 0.04 ; 72.00 % ; 30.60 Celsius
0.32 ; 0.14 ; 1.87 ; 0.08 ; 0.04 ; 0.04 ; 0.07 ; 0.04 ; 0.04 ; 72.00 % ; 30.60 Celsius
0.32 ; 0.14 ; 1.87 ; 0.08 ; 0.05 ; 0.04 ; 0.07 ; 0.04 ; 0.04 ; 72.00 % ; 30.50 Celsius
0.32 ; 0.14 ; 1.86 ; 0.08 ; 0.05 ; 0.04 ; 0.07 ; 0.04 ; 0.04 ; 72.00 % ; 30.60 Celsius
0.32 ; 0.14 ; 1.88 ; 0.08 ; 0.05 ; 0.04 ; 0.07 ; 0.04 ; 0.04 ; 72.00 % ; 30.60 Celsius
0.32 ; 0.14 ; 1.87 ; 0.08 ; 0.04 ; 0.03 ; 0.07 ; 0.04 ; 0.04 ; 72.00 % ; 30.60 Celsius
0.32 ; 0.13 ; 1.87 ; 0.08 ; 0.05 ; 0.04 ; 0.07 ; 0.05 ; 0.04 ; 72.00 % ; 30.60 Celsius
0.32 ; 0.14 ; 1.86 ; 0.08 ; 0.05 ; 0.04 ; 0.07 ; 0.04 ; 0.04 ; 72.00 % ; 30.60 Celsius
0.32 ; 0.14 ; 1.88 ; 0.08 ; 0.05 ; 0.04 ; 0.07 ; 0.04 ; 0.04 ; 72.00 % ; 30.60 Celsius
0.32 ; 0.14 ; 1.87 ; 0.08 ; 0.05 ; 0.04 ; 0.07 ; 0.04 ; 0.04 ; 72.00 % ; 30.60 Celsius
0.32 ; 0.14 ; 1.87 ; 0.08 ; 0.05 ; 0.04 ; 0.07 ; 0.04 ; 0.04 ; 72.00 % ; 30.60 Celsius
0.32 ; 0.13 ; 1.87 ; 0.09 ; 0.05 ; 0.03 ; 0.07 ; 0.05 ; 0.04 ; 72.00 % ; 30.60 Celsius
0.32 ; 0.14 ; 1.87 ; 0.08 ; 0.05 ; 0.04 ; 0.07 ; 0.04 ; 0.04 ; 72.00 % ; 30.60 Celsius
0.32 ; 0.14 ; 1.87 ; 0.08 ; 0.05 ; 0.03 ; 0.07 ; 0.04 ; 0.04 ; 72.00 % ; 30.60 Celsius
