0.29 ; 0.09 ; 1.71 ; 0.05 ; 0.04 ; 0.03 ; 0.05 ; 0.04 ; 0.03 ; 71.10 % ; 31.10 Celsius
0.29 ; 0.08 ; 1.72 ; 0.05 ; 0.04 ; 0.03 ; 0.05 ; 0.03 ; 0.03 ; 71.10 % ; 31.10 Celsius
0.29 ; 0.09 ; 1.72 ; 0.05 ; 0.04 ; 0.03 ; 0.05 ; 0.04 ; 0.04 ; 71.10 % ; 31.10 Celsius
0.29 ; 0.09 ; 1.72 ; 0.05 ; 0.04 ; 0.03 ; 0.05 ; 0.04 ; 0.03 ; 71.10 % ; 31.10 Celsius
0.29 ; 0.09 ; 1.72 ; 0.05 ; 0.04 ; 0.03 ; 0.05 ; 0.04 ; 0.04 ; 71.10 % ; 31.10 Celsius
0.29 ; 0.09 ; 1.72 ; 0.05 ; 0.04 ; 0.03 ; 0.05 ; 0.04 ; 0.03 ; 71.10 % ; 31.10 Celsius
0.29 ; 0.09 ; 1.72 ; 0.05 ; 0.04 ; 0.03 ; 0.05 ; 0.04 ; 0.04 ; 71.10 % ; 31.10 Celsius
0.29 ; 0.09 ; 1.72 ; 0.05 ; 0.04 ; 0.03 ; 0.05 ; 0.04 ; 0.03 ; 71.10 % ; 31.10 Celsius
0.29 ; 0.09 ; 1.72 ; 0.05 ; 0.04 ; 0.03 ; 0.05 ; 0.04 ; 0.03 ; 71.10 % ; 31.10 Celsius
0.29 ; 0.09 ; 1.73 ; 0.05 ; 0.04 ; 0.03 ; 0.05 ; 0.04 ; 0.03 ; 71.10 % ; 31.10 Celsius
0.29 ; 0.09 ; 1.72 ; 0.05 ; 0.04 ; 0.03 ; 0.05 ; 0.04 ; 0.03 ; 71.10 % ; 31.10 Celsius
0.29 ; 0.09 ; 1.72 ; 0.05 ; 0.04 ; 0.03 ; 0.05 ; 0.04 ; 0.04 ; 71.20 % ; 31.10 Celsius
0.29 ; 0.09 ; 1.72 ; 0.05 ; 0.04 ; 0.03 ; 0.05 ; 0.04 ; 0.03 ; 71.20 % ; 31.10 Celsius
0.29 ; 0.09 ; 1.72 ; 0.05 ; 0.04 ; 0.03 ; 0.05 ; 0.03 ; 0.04 ; 71.20 % ; 31.10 Celsius
0.29 ; 0.09 ; 1.72 ; 0.05 ; 0.04 ; 0.03 ; 0.05 ; 0.04 ; 0.03 ; 71.20 % ; 31.10 Celsius
0.29 ; 0.09 ; 1.72 ; 0.05 ; 0.04 ; 0.03 ; 0.05 ; 0.03 ; 0.03 ; 71.20 % ; 31.10 Celsius
0.29 ; 0.09 ; 1.72 ; 0.05 ; 0.04 ; 0.03 ; 0.05 ; 0.04 ; 0.03 ; 71.20 % ; 31.10 Celsius
0.29 ; 0.09 ; 1.72 ; 0.05 ; 0.04 ; 0.03 ; 0.05 ; 0.04 ; 0.03 ; 71.20 % ; 31.10 Celsius
0.29 ; 0.09 ; 1.72 ; 0.05 ; 0.04 ; 0.03 ; 0.05 ; 0.04 ; 0.04 ; 71.20 % ; 31.10 Celsius
0.29 ; 0.09 ; 1.73 ; 0.05 ; 0.04 ; 0.03 ; 0.05 ; 0.04 ; 0.03 ; 71.20 % ; 31.10 Celsius
0.29 ; 0.09 ; 1.72 ; 0.05 ; 0.04 ; 0.03 ; 0.05 ; 0.04 ; 0.03 ; 71.20 % ; 31.10 Celsius
0.29 ; 0.09 ; 1.72 ; 0.05 ; 0.04 ; 0.03 ; 0.05 ; 0.04 ; 0.03 ; 71.20 % ; 31.10 Celsius
0.29 ; 0.08 ; 1.73 ; 0.05 ; 0.04 ; 0.03 ; 0.05 ; 0.04 ; 0.04 ; 71.20 % ; 31.10 Celsius
0.29 ; 0.09 ; 1.72 ; 0.05 ; 0.04 ; 0.03 ; 0.05 ; 0.04 ; 0.03 ; 71.20 % ; 31.10 Celsius
0.29 ; 0.08 ; 1.72 ; 0.05 ; 0.04 ; 0.03 ; 0.05 ; 0.03 ; 0.03 ; 71.20 % ; 31.10 Celsius
0.29 ; 0.08 ; 1.72 ; 0.05 ; 0.04 ; 0.03 ; 0.05 ; 0.04 ; 0.03 ; 71.20 % ; 31.10 Celsius
0.29 ; 0.08 ; 1.72 ; 0.05 ; 0.04 ; 0.03 ; 0.05 ; 0.04 ; 0.03 ; 71.20 % ; 31.10 Celsius
0.29 ; 0.08 ; 1.72 ; 0.05 ; 0.04 ; 0.03 ; 0.05 ; 0.04 ; 0.04 ; 71.20 % ; 31.10 Celsius
0.29 ; 0.08 ; 1.72 ; 0.05 ; 0.04 ; 0.03 ; 0.05 ; 0.04 ; 0.04 ; 71.20 % ; 31.10 Celsius
0.29 ; 0.08 ; 1.72 ; 0.05 ; 0.04 ; 0.03 ; 0.05 ; 0.04 ; 0.04 ; 71.20 % ; 31.10 Celsius
0.29 ; 0.08 ; 1.72 ; 0.05 ; 0.04 ; 0.03 ; 0.05 ; 0.04 ; 0.03 ; 71.20 % ; 31.10 Celsius
0.29 ; 0.08 ; 1.72 ; 0.05 ; 0.04 ; 0.03 ; 0.05 ; 0.03 ; 0.03 ; 71.20 % ; 31.10 Celsius
0.29 ; 0.08 ; 1.73 ; 0.05 ; 0.04 ; 0.03 ; 0.05 ; 0.04 ; 0.03 ; 71.20 % ; 31.10 Celsius
0.29 ; 0.08 ; 1.73 ; 0.05 ; 0.04 ; 0.03 ; 0.05 ; 0.04 ; 0.03 ; 71.20 % ; 31.10 Celsius
0.29 ; 0.08 ; 1.73 ; 0.05 ; 0.04 ; 0.03 ; 0.05 ; 0.04 ; 0.03 ; 71.20 % ; 31.10 Celsius
0.29 ; 0.08 ; 1.73 ; 0.05 ; 0.04 ; 0.03 ; 0.05 ; 0.04 ; 0.03 ; 71.20 % ; 31.10 Celsius
0.29 ; 0.08 ; 1.72 ; 0.05 ; 0.04 ; 0.03 ; 0.05 ; 0.04 ; 0.03 ; 71.20 % ; 31.10 Celsius
0.29 ; 0.08 ; 1.72 ; 0.05 ; 0.04 ; 0.03 ; 0.05 ; 0.04 ; 0.03 ; 71.20 % ; 31.10 Celsius
0.29 ; 0.08 ; 1.72 ; 0.05 ; 0.04 ; 0.03 ; 0.05 ; 0.04 ; 0.03 ; 71.20 % ; 31.10 Celsius
0.29 ; 0.08 ; 1.73 ; 0.05 ; 0.04 ; 0.03 ; 0.05 ; 0.04 ; 0.03 ; 71.20 % ; 31.10 Celsius
0.29 ; 0.08 ; 1.72 ; 0.05 ; 0.04 ; 0.03 ; 0.05 ; 0.04 ; 0.04 ; 71.20 % ; 31.10 Celsius
0.29 ; 0.08 ; 1.72 ; 0.05 ; 0.04 ; 0.03 ; 0.05 ; 0.04 ; 0.03 ; 71.20 % ; 31.10 Celsius
0.29 ; 0.08 ; 1.73 ; 0.05 ; 0.04 ; 0.03 ; 0.05 ; 0.04 ; 0.03 ; 71.30 % ; 31.10 Celsius
0.29 ; 0.08 ; 1.72 ; 0.05 ; 0.04 ; 0.03 ; 0.05 ; 0.04 ; 0.03 ; 71.30 % ; 31.10 Celsius
0.29 ; 0.08 ; 1.73 ; 0.05 ; 0.04 ; 0.03 ; 0.05 ; 0.04 ; 0.04 ; 71.20 % ; 31.10 Celsius
0.29 ; 0.08 ; 1.73 ; 0.05 ; 0.04 ; 0.02 ; 0.05 ; 0.04 ; 0.03 ; 71.20 % ; 31.10 Celsius
0.29 ; 0.08 ; 1.73 ; 0.05 ; 0.04 ; 0.03 ; 0.05 ; 0.04 ; 0.04 ; 71.20 % ; 31.10 Celsius
0.29 ; 0.08 ; 1.74 ; 0.05 ; 0.04 ; 0.03 ; 0.05 ; 0.04 ; 0.03 ; 71.20 % ; 31.10 Celsius
0.29 ; 0.08 ; 1.72 ; 0.05 ; 0.04 ; 0.03 ; 0.05 ; 0.04 ; 0.03 ; 71.20 % ; 31.10 Celsius
0.29 ; 0.08 ; 1.72 ; 0.05 ; 0.04 ; 0.03 ; 0.05 ; 0.04 ; 0.03 ; 71.20 % ; 31.10 Celsius
0.29 ; 0.08 ; 1.72 ; 0.05 ; 0.04 ; 0.03 ; 0.05 ; 0.04 ; 0.03 ; 71.20 % ; 31.10 Celsius
0.29 ; 0.08 ; 1.72 ; 0.05 ; 0.04 ; 0.03 ; 0.05 ; 0.04 ; 0.03 ; 71.20 % ; 31.10 Celsius
0.29 ; 0.08 ; 1.72 ; 0.05 ; 0.04 ; 0.03 ; 0.05 ; 0.04 ; 0.03 ; 71.20 % ; 31.10 Celsius
0.29 ; 0.08 ; 1.72 ; 0.05 ; 0.04 ; 0.03 ; 0.05 ; 0.04 ; 0.03 ; 71.20 % ; 31.10 Celsius
0.29 ; 0.08 ; 1.72 ; 0.05 ; 0.04 ; 0.03 ; 0.05 ; 0.04 ; 0.04 ; 71.20 % ; 31.10 Celsius
0.29 ; 0.08 ; 1.72 ; 0.05 ; 0.04 ; 0.03 ; 0.05 ; 0.04 ; 0.03 ; 71.20 % ; 31.10 Celsius
0.29 ; 0.08 ; 1.72 ; 0.05 ; 0.04 ; 0.03 ; 0.05 ; 0.04 ; 0.03 ; 71.20 % ; 31.10 Celsius
0.29 ; 0.08 ; 1.73 ; 0.05 ; 0.04 ; 0.03 ; 0.05 ; 0.04 ; 0.04 ; 71.20 % ; 31.20 Celsius
0.29 ; 0.08 ; 1.72 ; 0.05 ; 0.04 ; 0.03 ; 0.05 ; 0.04 ; 0.03 ; 71.20 % ; 31.10 Celsius
0.29 ; 0.08 ; 1.74 ; 0.05 ; 0.04 ; 0.03 ; 0.05 ; 0.04 ; 0.03 ; 71.20 % ; 31.10 Celsius
0.29 ; 0.08 ; 1.71 ; 0.05 ; 0.04 ; 0.03 ; 0.05 ; 0.04 ; 0.03 ; 71.20 % ; 31.10 Celsius
0.29 ; 0.08 ; 1.72 ; 0.05 ; 0.04 ; 0.03 ; 0.05 ; 0.04 ; 0.04 ; 71.20 % ; 31.20 Celsius
0.29 ; 0.08 ; 1.72 ; 0.05 ; 0.04 ; 0.03 ; 0.05 ; 0.04 ; 0.03 ; 71.20 % ; 31.10 Celsius
0.29 ; 0.08 ; 1.72 ; 0.05 ; 0.04 ; 0.03 ; 0.05 ; 0.04 ; 0.03 ; 71.20 % ; 31.20 Celsius
0.29 ; 0.08 ; 1.72 ; 0.05 ; 0.04 ; 0.03 ; 0.05 ; 0.04 ; 0.03 ; 71.20 % ; 31.20 Celsius
0.29 ; 0.08 ; 1.72 ; 0.05 ; 0.04 ; 0.03 ; 0.05 ; 0.04 ; 0.04 ; 71.20 % ; 31.10 Celsius
0.29 ; 0.08 ; 1.72 ; 0.05 ; 0.04 ; 0.03 ; 0.05 ; 0.04 ; 0.03 ; 71.20 % ; 31.10 Celsius
0.29 ; 0.08 ; 1.72 ; 0.05 ; 0.04 ; 0.03 ; 0.05 ; 0.03 ; 0.03 ; 71.20 % ; 31.20 Celsius
0.29 ; 0.08 ; 1.73 ; 0.05 ; 0.04 ; 0.03 ; 0.05 ; 0.04 ; 0.04 ; 71.20 % ; 31.20 Celsius
0.29 ; 0.08 ; 1.72 ; 0.05 ; 0.04 ; 0.03 ; 0.05 ; 0.04 ; 0.03 ; 71.20 % ; 31.10 Celsius
0.29 ; 0.08 ; 1.72 ; 0.05 ; 0.04 ; 0.03 ; 0.05 ; 0.04 ; 0.03 ; 71.20 % ; 31.20 Celsius
0.29 ; 0.08 ; 1.72 ; 0.05 ; 0.04 ; 0.03 ; 0.05 ; 0.04 ; 0.03 ; 71.20 % ; 31.20 Celsius
