0.24 ; 0.10 ; 1.66 ; 0.06 ; 0.09 ; 0.05 ; 0.05 ; 0.04 ; 0.08 ; 76.30 % ; 31.20 Celsius
0.24 ; 0.11 ; 1.66 ; 0.06 ; 0.09 ; 0.06 ; 0.05 ; 0.04 ; 0.08 ; 76.30 % ; 31.10 Celsius
0.25 ; 0.11 ; 1.66 ; 0.06 ; 0.09 ; 0.05 ; 0.05 ; 0.04 ; 0.08 ; 76.30 % ; 31.20 Celsius
0.25 ; 0.11 ; 1.66 ; 0.06 ; 0.09 ; 0.06 ; 0.05 ; 0.04 ; 0.08 ; 76.20 % ; 31.20 Celsius
0.25 ; 0.11 ; 1.66 ; 0.06 ; 0.09 ; 0.05 ; 0.05 ; 0.04 ; 0.08 ; 76.20 % ; 31.20 Celsius
0.25 ; 0.11 ; 1.67 ; 0.06 ; 0.09 ; 0.06 ; 0.05 ; 0.04 ; 0.08 ; 76.20 % ; 31.20 Celsius
0.25 ; 0.12 ; 1.66 ; 0.06 ; 0.09 ; 0.06 ; 0.05 ; 0.04 ; 0.08 ; 76.10 % ; 31.20 Celsius
0.25 ; 0.12 ; 1.67 ; 0.06 ; 0.09 ; 0.05 ; 0.05 ; 0.04 ; 0.08 ; 76.10 % ; 31.20 Celsius
0.25 ; 0.12 ; 1.67 ; 0.06 ; 0.08 ; 0.06 ; 0.05 ; 0.04 ; 0.08 ; 76.10 % ; 31.20 Celsius
0.25 ; 0.12 ; 1.66 ; 0.06 ; 0.09 ; 0.05 ; 0.05 ; 0.04 ; 0.08 ; 76.10 % ; 31.20 Celsius
0.25 ; 0.12 ; 1.67 ; 0.06 ; 0.09 ; 0.05 ; 0.05 ; 0.04 ; 0.08 ; 76.00 % ; 31.20 Celsius
0.25 ; 0.11 ; 1.67 ; 0.06 ; 0.09 ; 0.05 ; 0.05 ; 0.04 ; 0.08 ; 76.00 % ; 31.10 Celsius
0.25 ; 0.12 ; 1.67 ; 0.06 ; 0.09 ; 0.05 ; 0.05 ; 0.04 ; 0.08 ; 75.90 % ; 31.10 Celsius
0.25 ; 0.11 ; 1.67 ; 0.06 ; 0.09 ; 0.05 ; 0.05 ; 0.04 ; 0.08 ; 75.90 % ; 31.10 Celsius
0.25 ; 0.12 ; 1.68 ; 0.06 ; 0.09 ; 0.05 ; 0.05 ; 0.04 ; 0.08 ; 75.90 % ; 31.10 Celsius
0.25 ; 0.11 ; 1.68 ; 0.06 ; 0.09 ; 0.05 ; 0.05 ; 0.04 ; 0.08 ; 75.90 % ; 31.10 Celsius
0.25 ; 0.12 ; 1.67 ; 0.06 ; 0.09 ; 0.05 ; 0.05 ; 0.04 ; 0.08 ; 75.80 % ; 31.10 Celsius
0.25 ; 0.12 ; 1.67 ; 0.06 ; 0.09 ; 0.05 ; 0.05 ; 0.04 ; 0.08 ; 75.80 % ; 31.10 Celsius
0.25 ; 0.12 ; 1.67 ; 0.06 ; 0.09 ; 0.05 ; 0.05 ; 0.04 ; 0.08 ; 75.80 % ; 31.10 Celsius
0.26 ; 0.12 ; 1.68 ; 0.06 ; 0.09 ; 0.05 ; 0.05 ; 0.04 ; 0.08 ; 75.70 % ; 31.10 Celsius
0.25 ; 0.11 ; 1.68 ; 0.06 ; 0.09 ; 0.05 ; 0.05 ; 0.04 ; 0.07 ; 75.70 % ; 31.10 Celsius
0.25 ; 0.12 ; 1.67 ; 0.06 ; 0.09 ; 0.05 ; 0.05 ; 0.04 ; 0.07 ; 75.70 % ; 31.00 Celsius
0.25 ; 0.11 ; 1.67 ; 0.06 ; 0.09 ; 0.05 ; 0.05 ; 0.04 ; 0.08 ; 75.70 % ; 31.00 Celsius
0.26 ; 0.12 ; 1.68 ; 0.06 ; 0.09 ; 0.05 ; 0.05 ; 0.04 ; 0.07 ; 75.60 % ; 31.00 Celsius
0.26 ; 0.12 ; 1.67 ; 0.06 ; 0.09 ; 0.05 ; 0.05 ; 0.04 ; 0.07 ; 75.70 % ; 31.00 Celsius
0.25 ; 0.12 ; 1.67 ; 0.06 ; 0.09 ; 0.05 ; 0.05 ; 0.04 ; 0.07 ; 75.60 % ; 31.00 Celsius
0.25 ; 0.12 ; 1.67 ; 0.06 ; 0.09 ; 0.05 ; 0.05 ; 0.04 ; 0.07 ; 75.60 % ; 31.00 Celsius
0.26 ; 0.12 ; 1.68 ; 0.06 ; 0.09 ; 0.05 ; 0.05 ; 0.04 ; 0.08 ; 75.60 % ; 31.00 Celsius
0.26 ; 0.12 ; 1.67 ; 0.06 ; 0.09 ; 0.05 ; 0.05 ; 0.04 ; 0.07 ; 75.60 % ; 31.00 Celsius
0.25 ; 0.11 ; 1.68 ; 0.06 ; 0.09 ; 0.05 ; 0.05 ; 0.04 ; 0.07 ; 75.50 % ; 31.00 Celsius
0.26 ; 0.11 ; 1.68 ; 0.06 ; 0.09 ; 0.05 ; 0.05 ; 0.04 ; 0.07 ; 75.50 % ; 31.00 Celsius
0.25 ; 0.11 ; 1.68 ; 0.05 ; 0.09 ; 0.05 ; 0.05 ; 0.04 ; 0.07 ; 75.50 % ; 30.90 Celsius
0.25 ; 0.12 ; 1.67 ; 0.06 ; 0.08 ; 0.05 ; 0.05 ; 0.04 ; 0.07 ; 75.50 % ; 30.90 Celsius
0.25 ; 0.12 ; 1.66 ; 0.06 ; 0.09 ; 0.05 ; 0.05 ; 0.04 ; 0.07 ; 75.40 % ; 30.90 Celsius
0.25 ; 0.14 ; 1.67 ; 0.07 ; 0.09 ; 0.05 ; 0.06 ; 0.04 ; 0.07 ; 75.50 % ; 30.90 Celsius
0.26 ; 0.15 ; 1.67 ; 0.08 ; 0.08 ; 0.05 ; 0.07 ; 0.05 ; 0.07 ; 75.40 % ; 30.90 Celsius
0.26 ; 0.14 ; 1.68 ; 0.07 ; 0.09 ; 0.05 ; 0.06 ; 0.04 ; 0.07 ; 75.40 % ; 30.90 Celsius
0.25 ; 0.14 ; 1.67 ; 0.08 ; 0.09 ; 0.05 ; 0.07 ; 0.05 ; 0.07 ; 75.40 % ; 30.90 Celsius
0.26 ; 0.15 ; 1.67 ; 0.08 ; 0.09 ; 0.05 ; 0.07 ; 0.04 ; 0.07 ; 75.30 % ; 30.90 Celsius
0.26 ; 0.15 ; 1.67 ; 0.08 ; 0.09 ; 0.05 ; 0.07 ; 0.05 ; 0.07 ; 75.30 % ; 30.90 Celsius
0.26 ; 0.16 ; 1.67 ; 0.08 ; 0.09 ; 0.05 ; 0.07 ; 0.05 ; 0.07 ; 75.20 % ; 30.90 Celsius
0.26 ; 0.16 ; 1.67 ; 0.08 ; 0.09 ; 0.05 ; 0.07 ; 0.05 ; 0.07 ; 75.20 % ; 30.90 Celsius
0.26 ; 0.14 ; 1.68 ; 0.08 ; 0.09 ; 0.05 ; 0.07 ; 0.05 ; 0.07 ; 75.20 % ; 30.90 Celsius
0.26 ; 0.15 ; 1.68 ; 0.08 ; 0.09 ; 0.05 ; 0.07 ; 0.05 ; 0.07 ; 75.30 % ; 30.90 Celsius
0.26 ; 0.15 ; 1.67 ; 0.08 ; 0.09 ; 0.05 ; 0.07 ; 0.05 ; 0.07 ; 75.20 % ; 30.90 Celsius
0.26 ; 0.15 ; 1.67 ; 0.08 ; 0.09 ; 0.05 ; 0.07 ; 0.05 ; 0.07 ; 75.20 % ; 31.00 Celsius
0.26 ; 0.15 ; 1.66 ; 0.08 ; 0.09 ; 0.05 ; 0.07 ; 0.05 ; 0.07 ; 75.20 % ; 30.90 Celsius
0.26 ; 0.14 ; 1.67 ; 0.08 ; 0.09 ; 0.05 ; 0.07 ; 0.05 ; 0.07 ; 75.20 % ; 30.90 Celsius
0.26 ; 0.14 ; 1.67 ; 0.07 ; 0.09 ; 0.04 ; 0.07 ; 0.05 ; 0.07 ; 75.20 % ; 30.90 Celsius
0.26 ; 0.14 ; 1.66 ; 0.08 ; 0.08 ; 0.05 ; 0.07 ; 0.04 ; 0.07 ; 75.10 % ; 30.90 Celsius
0.25 ; 0.14 ; 1.67 ; 0.07 ; 0.09 ; 0.04 ; 0.07 ; 0.04 ; 0.07 ; 75.10 % ; 30.90 Celsius
0.25 ; 0.14 ; 1.66 ; 0.07 ; 0.09 ; 0.05 ; 0.07 ; 0.04 ; 0.07 ; 75.10 % ; 30.90 Celsius
0.26 ; 0.14 ; 1.67 ; 0.07 ; 0.09 ; 0.05 ; 0.07 ; 0.05 ; 0.07 ; 75.00 % ; 30.90 Celsius
0.26 ; 0.14 ; 1.67 ; 0.07 ; 0.08 ; 0.05 ; 0.07 ; 0.04 ; 0.07 ; 75.00 % ; 31.00 Celsius
0.26 ; 0.14 ; 1.67 ; 0.07 ; 0.09 ; 0.04 ; 0.07 ; 0.05 ; 0.07 ; 75.00 % ; 30.90 Celsius
0.26 ; 0.15 ; 1.67 ; 0.08 ; 0.09 ; 0.05 ; 0.07 ; 0.05 ; 0.07 ; 75.00 % ; 30.90 Celsius
0.26 ; 0.14 ; 1.66 ; 0.07 ; 0.09 ; 0.05 ; 0.06 ; 0.05 ; 0.07 ; 74.90 % ; 30.90 Celsius
0.26 ; 0.14 ; 1.66 ; 0.07 ; 0.09 ; 0.05 ; 0.07 ; 0.04 ; 0.07 ; 74.90 % ; 30.90 Celsius
0.26 ; 0.14 ; 1.67 ; 0.07 ; 0.09 ; 0.04 ; 0.06 ; 0.04 ; 0.07 ; 74.80 % ; 30.90 Celsius
0.26 ; 0.14 ; 1.67 ; 0.07 ; 0.08 ; 0.05 ; 0.07 ; 0.04 ; 0.07 ; 74.80 % ; 30.90 Celsius
