0.26 ; 0.10 ; 1.71 ; 0.06 ; 0.05 ; 0.03 ; 0.07 ; 0.05 ; 0.04 ; 74.00 % ; 30.70 Celsius
0.27 ; 0.10 ; 1.72 ; 0.06 ; 0.05 ; 0.03 ; 0.07 ; 0.05 ; 0.04 ; 74.10 % ; 30.80 Celsius
0.27 ; 0.10 ; 1.72 ; 0.06 ; 0.05 ; 0.03 ; 0.07 ; 0.05 ; 0.04 ; 74.30 % ; 30.70 Celsius
0.27 ; 0.11 ; 1.72 ; 0.06 ; 0.05 ; 0.03 ; 0.07 ; 0.05 ; 0.04 ; 74.40 % ; 30.80 Celsius
0.27 ; 0.10 ; 1.72 ; 0.06 ; 0.05 ; 0.03 ; 0.07 ; 0.05 ; 0.04 ; 74.60 % ; 30.80 Celsius
0.27 ; 0.10 ; 1.72 ; 0.06 ; 0.05 ; 0.03 ; 0.07 ; 0.05 ; 0.04 ; 74.60 % ; 30.80 Celsius
0.27 ; 0.10 ; 1.72 ; 0.06 ; 0.05 ; 0.03 ; 0.07 ; 0.05 ; 0.04 ; 74.60 % ; 30.80 Celsius
0.27 ; 0.10 ; 1.73 ; 0.06 ; 0.05 ; 0.03 ; 0.07 ; 0.05 ; 0.04 ; 74.60 % ; 30.80 Celsius
0.27 ; 0.11 ; 1.72 ; 0.06 ; 0.05 ; 0.03 ; 0.07 ; 0.05 ; 0.04 ; 74.60 % ; 30.80 Celsius
0.27 ; 0.11 ; 1.72 ; 0.07 ; 0.05 ; 0.03 ; 0.08 ; 0.05 ; 0.04 ; 74.60 % ; 30.70 Celsius
0.27 ; 0.11 ; 1.72 ; 0.07 ; 0.05 ; 0.03 ; 0.08 ; 0.05 ; 0.04 ; 74.60 % ; 30.80 Celsius
0.27 ; 0.11 ; 1.72 ; 0.07 ; 0.05 ; 0.03 ; 0.08 ; 0.05 ; 0.04 ; 74.60 % ; 30.70 Celsius
0.27 ; 0.11 ; 1.72 ; 0.07 ; 0.05 ; 0.03 ; 0.08 ; 0.05 ; 0.04 ; 74.60 % ; 30.80 Celsius
0.28 ; 0.11 ; 1.73 ; 0.07 ; 0.05 ; 0.03 ; 0.08 ; 0.05 ; 0.04 ; 74.60 % ; 30.80 Celsius
0.27 ; 0.11 ; 1.72 ; 0.06 ; 0.05 ; 0.03 ; 0.08 ; 0.05 ; 0.04 ; 74.60 % ; 30.80 Celsius
0.27 ; 0.11 ; 1.72 ; 0.06 ; 0.05 ; 0.03 ; 0.08 ; 0.05 ; 0.04 ; 74.60 % ; 30.80 Celsius
0.28 ; 0.11 ; 1.73 ; 0.06 ; 0.05 ; 0.03 ; 0.08 ; 0.05 ; 0.04 ; 74.60 % ; 30.80 Celsius
0.28 ; 0.11 ; 1.72 ; 0.06 ; 0.05 ; 0.03 ; 0.08 ; 0.05 ; 0.04 ; 74.60 % ; 30.80 Celsius
0.27 ; 0.11 ; 1.73 ; 0.06 ; 0.05 ; 0.03 ; 0.08 ; 0.05 ; 0.04 ; 74.60 % ; 30.80 Celsius
0.28 ; 0.11 ; 1.73 ; 0.06 ; 0.05 ; 0.03 ; 0.08 ; 0.05 ; 0.04 ; 74.60 % ; 30.70 Celsius
0.27 ; 0.11 ; 1.72 ; 0.06 ; 0.05 ; 0.03 ; 0.08 ; 0.05 ; 0.04 ; 74.60 % ; 30.80 Celsius
0.27 ; 0.11 ; 1.72 ; 0.06 ; 0.05 ; 0.03 ; 0.08 ; 0.05 ; 0.04 ; 74.60 % ; 30.80 Celsius
0.27 ; 0.11 ; 1.73 ; 0.06 ; 0.04 ; 0.03 ; 0.08 ; 0.05 ; 0.04 ; 74.60 % ; 30.80 Celsius
0.27 ; 0.11 ; 1.72 ; 0.06 ; 0.05 ; 0.03 ; 0.08 ; 0.05 ; 0.04 ; 74.60 % ; 30.80 Celsius
0.28 ; 0.11 ; 1.73 ; 0.06 ; 0.05 ; 0.03 ; 0.08 ; 0.05 ; 0.04 ; 74.60 % ; 30.70 Celsius
0.28 ; 0.11 ; 1.72 ; 0.06 ; 0.05 ; 0.03 ; 0.08 ; 0.05 ; 0.04 ; 74.60 % ; 30.80 Celsius
0.28 ; 0.11 ; 1.72 ; 0.06 ; 0.05 ; 0.03 ; 0.08 ; 0.05 ; 0.04 ; 74.70 % ; 30.80 Celsius
0.28 ; 0.11 ; 1.73 ; 0.06 ; 0.05 ; 0.03 ; 0.08 ; 0.05 ; 0.04 ; 74.60 % ; 30.70 Celsius
0.28 ; 0.11 ; 1.72 ; 0.06 ; 0.05 ; 0.03 ; 0.08 ; 0.05 ; 0.04 ; 74.70 % ; 30.80 Celsius
0.28 ; 0.11 ; 1.72 ; 0.07 ; 0.05 ; 0.03 ; 0.08 ; 0.05 ; 0.04 ; 74.70 % ; 30.80 Celsius
0.28 ; 0.11 ; 1.73 ; 0.06 ; 0.05 ; 0.03 ; 0.08 ; 0.05 ; 0.04 ; 74.70 % ; 30.80 Celsius
0.28 ; 0.11 ; 1.73 ; 0.06 ; 0.05 ; 0.03 ; 0.08 ; 0.05 ; 0.04 ; 74.70 % ; 30.80 Celsius
0.28 ; 0.11 ; 1.72 ; 0.06 ; 0.05 ; 0.03 ; 0.08 ; 0.05 ; 0.04 ; 74.70 % ; 30.80 Celsius
0.28 ; 0.11 ; 1.72 ; 0.06 ; 0.05 ; 0.03 ; 0.07 ; 0.05 ; 0.04 ; 74.70 % ; 30.70 Celsius
0.28 ; 0.11 ; 1.72 ; 0.06 ; 0.05 ; 0.03 ; 0.07 ; 0.05 ; 0.04 ; 74.70 % ; 30.80 Celsius
0.28 ; 0.11 ; 1.73 ; 0.06 ; 0.05 ; 0.03 ; 0.08 ; 0.05 ; 0.04 ; 74.70 % ; 30.70 Celsius
